332
0,-139
-1,0
-2,0
0,0
-8,0
41,0
75,0
70,0
85,0
34,0
111,0
127,0
137,0
132,0
152,0
176,0
185,0
158,0
138,0
189,0
149,0
194,0
-144,0
170,0
202,0
232,0
234,0
191,0
142,0
246,0
267,0
275,0
280,0
193,0
289,0
-224,0
284,0
244,0
251,0
216,0
203,0
11,3
27,41
-3,42
29,5
43,44
-9,45
61,60
-58,9
-10,45
-11,45
-13,45
84,9
-15,71
-16,67
-17,67
-18,67
-19,67
-32,82
-14,5
3,71
-4,42
-5,42
-6,42
-7,42
-24,71
76,150
20,47
-20,47
-22,47
-40,7
49,5
-23,47
-25,71
-28,71
-29,6
-78,66
79,7
-30,6
-41,77
-76,144
-31,6
58,6
-35,6
-59,52
-12,45
-45,7
-36,6
-79,66
140,169
-26,71
-60,52
-27,71
-33,82
-63,123
-62,52
-66,124
-77,144
-80,155
-37,6
-105,182
-106,182
190,160
-21,47
-46,7
-47,7
-48,7
-49,7
-83,156
-38,6
-39,6
-50,8
-42,77
-51,8
-52,8
-43,77
-44,77
-34,6
264,279
-53,8
-54,8
-55,8
-56,8
94,10
96,10
-57,8
-61,52
-73,11
289,219
-67,124
-64,123
-65,123
-96,13
-74,11
-81,155
-82,155
-68,10
-90,12
-125,18
,-153
-122,89
-84,156
-184,28
-75,11
80,11
-69,10
-70,10
-71,10
-72,10
-137,20
23,11
-91,12
-98,14
,-176
205,28
98,11
108,11
-85,11
-121,17
-123,89
96,20
-86,11
-87,11
-88,11
-89,11
-97,13
-140,20
-131,223
-126,18
83,17
-145,23
-92,12
-93,12
-94,12
-95,12
-99,14
,-177
,-204
-100,14
-101,14
-102,14
-103,14
66,15
-107,15
-109,15
-116,16
-132,223
-110,15
-117,16
-127,19
-138,102
-124,17
-104,14
-211,33
-141,21
-128,19
-111,15
-146,23
-176,270
-177,270
-178,270
-118,16
-147,24
-238,40
,-265
-185,154
-182,27
-129,19
-148,24
-139,102
-112,15
-113,15
-114,15
-115,15
-153,238
287,40
-232,39
-130,19
-108,15
112,39
-221,326
-119,16
-120,16
167,19
-133,19
-134,19
-135,19
-166,258
-212,33
-136,19
-142,21
-143,21
-150,25
-149,24
-162,26
-151,25
-152,25
-183,27
214,25
-158,25
-160,25
-186,154
-187,154
-161,25
-228,37
252,26
-188,29
-173,26
-154,238
-155,238
-156,238
-174,26
-163,245
-222,326
-157,238
-164,245
-165,245
-230,38
227,245
-170,245
-172,245
-167,258
-168,258
-169,258
-175,118
,-278
-218,325
-193,30
-196,290
-214,300
164,118
-179,118
-181,118
-194,30
-159,25
-199,31
-215,300
-229,37
,-293
107,26
-206,32
-189,29
-190,29
-191,29
-225,36
-197,290
-192,29
-239,215
-231,38
-213,34
262,30
-200,31
-233,128
,-298
-171,245
-234,128
-235,128
-237,128
,-304
-201,31
269,34
-198,290
-219,325
-220,325
,-307
-208,32
-180,118
,-308
,-314
-202,31
-203,31
-204,31
-205,31
-195,30
,-316
-209,32
,-319
-216,34
-217,34
,-322
-226,36
-227,36
,-330
-240,215
-241,215
266,34
220,34
-207,32
-210,32
-223,34
,-332
-236,128
48
!
?
い
う
お
か
き
け
こ
さ
し
す
せ
そ
た
つ
て
と
な
に
ぬ
ね
の
は
へ
ま
み
む
め
も
や
ゆ
よ
ら
り
る
れ
わ
を
ん
ひ
く
ふ
ろ
ほ
ち
え
ゑ
241
!;0,0,25000,不可読文字
?;0,0,25000,不明文字
いひやつ;2165,2754,14923,動詞
いひやら;2157,2722,13260,動詞
いひやり;2163,2746,11309,動詞
いひやる;2159,2730,11498,動詞;2161,2738,10066,動詞
いひやれ;2151,2698,10592,動詞;2153,2706,12985,動詞
うた;7675,8961,11177,名詞
おいつい;2037,2508,11267,動詞
おいつか;2031,2490,11856,動詞
おいつき;2039,2514,9960,動詞
おいつく;2033,2496,11351,動詞;2035,2502,10416,動詞
おいつけ;2025,2472,11070,動詞;2027,2478,12520,動詞
おとこ;7675,8961,10250,名詞
おもう;1728,2133,15960,動詞
おもしろから;7740,9537,8975,形容詞
おもしろかり;7760,9701,7755,形容詞
おもしろかる;7754,9647,9060,形容詞
おもしろかれ;7730,9447,10107,形容詞;7734,9483,9588,形容詞
おもしろき;7750,9611,7157,形容詞
おもしろく;7738,9519,11793,形容詞;7758,9683,6423,形容詞
おもしろけれ;7732,9465,7550,形容詞
おもしろし;7743,9556,9453,形容詞
おもつ;2121,2632,13914,動詞
おもは;2101,2612,10698,動詞
おもひ;2118,2629,9342,動詞
おもふ;2106,2617,10783,動詞;2111,2622,9281,動詞
おもへ;2091,2602,12162,動詞;2094,2605,12920,動詞
か;1038,1047,5735,助詞;913,920,6478,助詞;988,997,11663,助詞
かい;2037,2508,8802,動詞
かか;2031,2490,10155,動詞
かき;2039,2514,7084,動詞
かきり;7687,9115,8434,名詞
かく;2033,2496,9046,動詞;2035,2502,6137,動詞
かけ;2025,2472,9625,動詞;2027,2478,11590,動詞
かすかの;7099,8492,11225,名詞;7103,8494,9243,名詞
かは;913,921,9991,助詞
から;1037,1046,7721,助詞;983,992,12105,助詞
かりきぬ;7675,8961,8760,名詞
き;1783,2206,10234,動詞;1786,2209,10288,動詞;603,605,8868,助動詞
きき;1786,2209,10288,動詞
ききよ;1781,2204,10860,動詞
ききる;1784,2207,9376,動詞;1784,2207,9376,動詞
ききれ;1782,2205,10302,動詞
きつ;7028,8418,14788,動詞
きら;6867,8249,12467,動詞
きり;6975,8363,9701,動詞
きる;1784,2207,9376,動詞;1784,2207,9376,動詞;6915,8299,11027,動詞;6945,8331,10796,動詞
きれ;1782,2205,10302,動詞;6748,8124,10883,動詞;6778,8156,11897,動詞
けま;793,800,12484,助動詞
けむ;606,608,10146,助動詞;608,610,7831,助動詞
けめ;605,607,9040,助動詞
けら;612,616,10802,助動詞
けり;613,618,7132,助動詞
ける;614,620,7463,助動詞
けれ;611,614,8619,助動詞
けん;607,609,8767,助動詞;609,611,7177,助動詞
こそ;912,919,7418,助詞;912,919,7418,助詞
こと;7675,8975,5288,名詞
ことき;625,632,7752,助動詞
ことく;622,629,10336,助動詞;626,633,6213,助動詞
ことし;623,630,8905,助動詞
さす;560,562,9796,助動詞
さする;562,564,9123,助動詞
さすれ;556,558,9444,助動詞
させ;558,560,9602,助動詞;564,566,9219,助動詞
させよ;554,556,8982,助動詞
さへ;931,938,4476,助詞
さら;657,664,8335,助動詞
さり;674,681,8816,助動詞
さる;668,675,9597,助動詞
され;645,652,11172,助動詞;650,657,10682,助動詞
し;604,606,7928,助動詞;639,646,11424,助動詞;640,647,7364,助動詞;641,648,8013,助動詞;940,949,8217,助詞
しか;601,603,8326,助動詞
しつ;2165,2754,14162,動詞
して;5358,1019,13832,動詞
してて;0,0,25000,不明
しのふ;7675,8961,9475,名詞
しのふすり;7675,8961,10985,名詞
しむ;569,571,9351,助動詞
しむる;570,572,8643,助動詞
しむれ;567,569,9241,助動詞
しめ;568,570,10511,助動詞;571,573,7174,助動詞
しめよ;566,568,9759,助動詞
しも;931,938,3863,助詞
しら;2157,2722,9439,動詞
しり;2163,2746,8251,動詞
しる;2159,2730,10840,動詞;2161,2738,8863,動詞
しれ;2151,2698,10562,動詞;2153,2706,11173,動詞
す;561,563,11145,助動詞;655,662,11966,助動詞;659,666,9673,助動詞;672,679,8505,助動詞
すそ;7675,8961,10409,名詞
すら;931,938,9772,助詞
すりころも;7675,8961,10984,名詞
する;563,565,9819,助動詞
すれ;557,559,9460,助動詞
せ;559,561,10612,助動詞;565,567,9523,助動詞;602,604,10719,助動詞
せよ;555,557,9803,助動詞
そ;1094,1103,6650,助詞;912,919,4047,助詞
その;8998,11077,11610,連体詞
そま;2139,2662,11122,動詞
そみ;2147,2686,9389,動詞
そむ;2141,2668,9161,動詞;2143,2674,9902,動詞
そめ;2133,2644,12746,動詞;2135,2650,11171,動詞
そん;2149,2692,10582,動詞
たから;864,871,11177,助動詞
たかり;895,902,11035,助動詞
たき;876,883,9214,助動詞
たく;861,868,12803,助動詞;891,898,10830,助動詞
たけれ;850,857,10661,助動詞
たし;867,874,11430,助動詞
たに;931,938,4078,助詞
たら;678,685,7738,助動詞;686,693,14207,助動詞
たり;679,686,8260,助動詞;682,689,8621,助動詞;687,694,13807,助動詞;691,698,13677,助動詞
たる;680,687,6383,助動詞;688,695,13255,助動詞
たれ;1,1,8540,代名詞;675,682,9516,助動詞;676,683,8383,助動詞;683,690,13744,助動詞;684,691,13244,助動詞
つ;1034,1043,7092,助詞;695,702,7324,助動詞
ついて;7675,8961,6362,名詞
つつ;981,990,5980,助詞
つる;696,703,6641,助動詞
つれ;693,700,8501,助動詞
て;1010,1019,7075,助詞;694,701,10364,助動詞;697,704,10765,助動詞
てしか;697,1111,15765,助動詞
てしかな;697,1115,20765,助動詞
てよ;692,699,9167,助動詞
と;1016,1025,11562,助詞;1059,1068,4152,助詞;690,697,15465,助動詞;981,990,6805,助詞
とも;981,990,8825,助詞;981,990,6724,助詞
な;1106,1115,8188,助詞;655,662,11966,助動詞;710,717,13130,助動詞;712,719,9518,助動詞;712,719,9518,助動詞;717,724,11210,助動詞
なから;1017,1026,6141,助詞
なと;957,966,2361,助詞
なむ;1094,1103,8027,助詞;712,719,12729,助動詞;912,919,7172,助詞
なら;702,709,11849,助動詞;709,716,5694,助動詞
ならなくに;709,1071,15694,助動詞
なり;703,710,14131,助動詞;705,712,13949,助動詞;710,717,7323,助動詞;714,721,7660,助動詞
なる;704,711,11506,助動詞;711,718,3825,助動詞
なれ;700,707,12996,助動詞;706,713,10580,助動詞;707,714,6201,助動詞
なん;712,719,10817,助動詞;712,719,10817,助動詞
に;1018,1027,8227,助詞;1062,1071,4666,助詞;1114,1123,11705,助詞;670,677,11249,助動詞;713,720,4117,助動詞;720,727,9558,助動詞
にしか;720,1111,14558,助動詞
にしかな;720,1115,19558,助動詞
にて;1034,1043,8194,助詞
ぬ;661,668,7932,助動詞;718,725,8787,助動詞
ぬる;719,726,7980,助動詞
ぬれ;716,723,8524,助動詞
ね;1114,1123,11705,助詞;647,654,9360,助動詞;715,722,9030,助動詞
の;1066,1075,5271,助詞;1091,1100,10287,助詞;1122,1131,11208,助詞
のみ;931,938,2895,助詞
は;1019,1028,6452,助詞;914,921,4513,助詞
はかり;931,938,2686,助詞
はや;1094,1103,6630,助詞
へ;1067,1076,8356,助詞;1094,1103,12682,助詞
へい;746,753,9961,助動詞
へう;764,771,10637,助動詞
へか;753,760,9967,助動詞
へから;735,742,9571,助動詞
へかり;772,779,9654,助動詞
へかる;761,768,9939,助動詞
へかん;755,762,9917,助動詞
へき;749,756,7846,助動詞
へく;731,738,10914,助動詞;767,774,8311,助動詞
へけれ;721,728,9178,助動詞
へし;740,747,9861,助動詞
ま;793,800,12484,助動詞
まし;777,784,7110,助動詞;778,785,6859,助動詞;783,790,9010,助動詞
ましい;786,793,9729,助動詞
ましう;787,794,10390,助動詞
ましか;775,782,8923,助動詞;776,783,9512,助動詞
ましから;782,789,9543,助動詞
ましかり;789,796,9495,助動詞
ましかる;786,793,9729,助動詞
ましき;784,791,8307,助動詞
ましく;781,788,12425,助動詞;788,795,7414,助動詞
ましけれ;779,786,8925,助動詞
ませ;776,783,11484,助動詞
まて;961,970,4851,助詞
まほし;902,909,10539,助動詞
まほしから;901,908,10071,助動詞
まほしかり;910,917,10108,助動詞
まほしかる;907,914,10311,助動詞
まほしき;905,912,9228,助動詞
まほしく;900,907,12800,助動詞;909,916,8542,助動詞
まほしけれ;898,905,9551,助動詞
みたれ;7675,8961,11675,名詞
みちのく;7103,8494,10333,名詞
む;794,801,7231,助動詞;796,803,6646,助動詞
むす;799,806,4404,助動詞
むする;800,807,6235,助動詞
むすれ;798,805,7646,助動詞
め;792,799,7234,助動詞;803,810,7146,助動詞
めり;802,809,6761,助動詞;804,811,9012,助動詞
める;803,810,7146,助動詞
めれ;801,808,4827,助動詞
めん;803,810,7146,助動詞
も;917,924,4145,助詞
もかな;1094,1115,12068,助詞
もちすり;7675,8961,10940,名詞
ものから;7662,1046,11474,名詞
ものの;7662,1066,9024,名詞
ものを;7662,1032,11758,名詞
や;1128,1137,12468,助詞;920,927,5181,助詞
やつ;7039,8430,11072,動詞;845,852,12966,助動詞
やは;920,921,8694,助詞
やら;6872,8255,5328,動詞;841,848,12012,助動詞
やり;6982,8371,5946,動詞;844,851,11143,助動詞
やる;6920,8305,5867,動詞;6950,8337,5420,動詞;842,849,11293,助動詞;843,850,10728,助動詞
やれ;6753,8130,6645,動詞;6783,8162,8198,動詞;838,845,12083,助動詞;839,846,11485,助動詞
ゆ;1034,1043,9817,助詞
ゆえ;7687,9115,8858,名詞
ゆへ;7687,9115,8859,名詞
ゆり;1069,1078,4895,助詞
ゆゑ;7687,9115,7988,名詞
よ;1069,1078,4895,助詞;1133,1142,7584,助詞
より;1069,1078,4895,助詞
ら;816,823,12245,助動詞
らし;805,812,8394,助動詞;806,813,6768,助動詞;807,814,8544,助動詞
らしき;807,814,8544,助動詞
らむ;809,816,10337,助動詞;811,818,10021,助動詞
らめ;808,815,10699,助動詞
らる;587,589,13586,助動詞
らるる;591,593,13626,助動詞
らるれ;581,583,12846,助動詞
られ;584,586,14472,助動詞;597,599,11816,助動詞
られよ;578,580,12723,助動詞
らん;810,817,9009,助動詞;812,819,8334,助動詞
り;817,824,11569,助動詞;820,827,12254,助動詞
る;588,590,11925,助動詞;818,825,10509,助動詞
るる;593,595,11713,助動詞
るれ;582,584,10860,助動詞
れ;585,587,13429,助動詞;598,600,11219,助動詞;814,821,12609,助動詞;815,822,11621,助動詞
れよ;579,581,11714,助動詞
わかむらさき;7675,8961,10984,名詞
われ;1,1,4635,代名詞
を;1023,1032,8005,助詞;1070,1079,4685,助詞;1146,1155,7007,助詞
をいつい;2037,2508,11267,動詞
をいつか;2031,2490,11856,動詞
をいつき;2039,2514,9960,動詞
をいつく;2033,2496,11351,動詞;2035,2502,10416,動詞
をいつけ;2025,2472,11070,動詞;2027,2478,12520,動詞
ん;795,802,4680,助動詞;797,804,3918,助動詞
んす;799,806,7230,助動詞
んする;800,807,8074,助動詞
んすれ;798,805,9223,助動詞
6
