350
0,-75
-1,0
-2,0
37,0
35,0
-11,0
49,0
66,0
74,0
80,0
-47,0
94,0
83,0
103,0
95,0
-66,0
117,0
115,0
104,0
102,0
136,0
138,0
-92,0
142,0
146,0
-101,0
130,0
129,0
155,0
143,0
171,0
172,0
159,0
160,0
-130,0
188,0
203,0
231,0
261,0
295,0
-232,0
263,0
313,0
-3,3
4,53
-6,44
-8,4
-5,44
-4,3
-12,6
11,65
-14,60
-19,50
41,3
-18,50
-13,6
16,82
-30,56
20,90
-29,56
51,6
-39,58
-9,4
-38,58
-7,3
47,6
-21,7
-10,4
-15,60
-36,85
-26,77
-16,60
-22,7
-23,7
57,96
,-106
-20,6
42,7
-27,77
-17,60
-34,8
-28,7
53,7
-56,12
-31,7
41,8
-44,9
-35,85
-25,77
-37,8
55,8
-72,150
-40,8
-32,7
-48,11
-63,14
71,9
-41,8
-46,74
117,108
-45,74
-42,8
-83,19
-60,13
-80,18
-64,14
,-141
-65,14
88,19
-49,11
-24,7
-33,7
-50,11
-58,12
-81,18
-74,17
-73,150
-67,16
-75,17
-43,8
-86,108
-51,11
-53,11
-82,18
-68,16
-59,12
-76,17
-57,12
-69,16
-104,27
-54,11
-62,13
-77,17
-70,16
-84,99
-78,17
-87,20
-85,99
-90,21
-55,11
-52,11
,-167
-93,23
-79,17
-88,20
-91,21
-97,24
-61,13
-94,23
-71,16
91,16
-89,20
-98,24
-102,26
-133,201
-108,28
-95,23
-111,29
-137,227
-124,32
-128,33
-106,27
-103,26
-107,27
-109,28
-96,23
-112,29
,-176
-155,236
-110,28
-125,32
-113,30
-119,31
-105,27
-142,217
-170,243
,-187
-126,32
-99,24
-100,24
-114,30
-120,31
-115,30
-121,31
-129,33
-116,30
-122,31
,-189
-131,35
,-211
-117,30
-164,238
-141,217
-156,236
-138,227
-132,35
-169,243
-165,238
-134,201
-174,264
195,267
154,35
-159,244
-139,36
-127,32
-135,35
-140,209
-118,30
-123,31
206,36
-148,36
,-226
-149,36
-201,299
-151,36
-152,36
-181,267
146,209
-153,36
-136,35
-158,244
-143,209
-154,36
-180,200
-175,264
-144,209
,-232
158,35
-183,268
-145,209
-198,294
-157,37
,-256
-146,209
-182,267
-184,268
168,36
233,37
191,37
-188,273
-166,37
-179,200
-168,37
149,37
174,237
-205,302
-171,37
-150,36
-160,237
-202,299
-172,37
-147,209
-206,302
-209,296
-229,333
-199,294
,-274
-161,237
-219,310
-226,328
-162,237
-178,38
-173,37
-233,41
199,37
-176,37
-177,37
189,38
228,38
-190,273
-185,38
-208,296
-187,38
239,38
,-288
-167,37
-192,38
-193,38
-163,237
-215,307
-194,38
-191,273
-195,38
-189,273
-227,328
-207,304
-234,41
-220,310
,-289
,-293
-230,333
-196,38
-197,38
,-298
230,38
-203,39
225,304
-200,38
,-303
213,38
-210,304
-204,39
245,39
,-308
285,39
-186,38
-214,39
279,39
,-315
-217,307
258,39
-221,39
-211,304
-235,42
-222,39
,-317
-223,39
,-318
,-320
-236,42
,-324
-218,307
-237,42
-216,307
,-329
-224,39
-225,39
-238,42
259,39
,-334
-212,304
-228,39
-239,42
254,39
,-335
,-336
,-337
,-338
,-340
-213,39
,-341
,-342
,-345
-231,39
-240,42
,-346
,-347
,-348
,-350
-241,42
48
!
?
い
う
え
か
き
く
け
こ
し
す
せ
そ
た
つ
て
と
な
に
ぬ
ね
の
は
ひ
ふ
へ
ま
み
む
め
も
や
ゆ
よ
ら
り
る
れ
ゑ
を
ん
お
さ
ろ
ほ
ち
わ
241
!;0,0,25000,不可読文字
?;0,0,25000,不明文字
いか;2037,2508,8802,動詞
いしま;786,793,9729,助動詞
いついお;2037,2508,11267,動詞
いついを;2037,2508,11267,動詞
いへ;746,753,9961,助動詞
うしま;787,794,10390,助動詞
うへ;764,771,10637,助動詞
うもお;1728,2133,15960,動詞
えゆ;7687,9115,8858,名詞
か;1038,1047,5735,助詞;913,920,6478,助詞;988,997,11663,助詞
かか;2031,2490,10155,動詞
かし;601,603,8326,助動詞
かして;697,1111,15765,助動詞
かしに;720,1111,14558,助動詞
かしま;775,782,8923,助動詞;776,783,9512,助動詞
かついお;2031,2490,11856,動詞
かついを;2031,2490,11856,動詞
かへ;753,760,9967,助動詞
き;1783,2206,10234,動詞;1786,2209,10288,動詞;603,605,8868,助動詞
きか;2039,2514,7084,動詞
きき;1786,2209,10288,動詞
きさらむかわ;7675,8961,10984,名詞
きしほま;905,912,9228,助動詞
きしま;784,791,8307,助動詞
きしら;807,814,8544,助動詞
きた;876,883,9214,助動詞
きついお;2039,2514,9960,動詞
きついを;2039,2514,9960,動詞
きとこ;625,632,7752,助動詞
きへ;749,756,7846,助動詞
きろしもお;7750,9611,7157,形容詞
くか;2033,2496,9046,動詞;2035,2502,6137,動詞
くしほま;900,907,12800,助動詞;909,916,8542,助動詞
くしま;781,788,12425,助動詞;788,795,7414,助動詞
くた;861,868,12803,助動詞;891,898,10830,助動詞
くついお;2033,2496,11351,動詞;2035,2502,10416,動詞
くついを;2033,2496,11351,動詞;2035,2502,10416,動詞
くとこ;622,629,10336,助動詞;626,633,6213,助動詞
くのちみ;7103,8494,10333,名詞
くへ;731,738,10914,助動詞;767,774,8311,助動詞
くろしもお;7738,9519,11793,形容詞;7758,9683,6423,形容詞
けか;2025,2472,9625,動詞;2027,2478,11590,動詞
けついお;2025,2472,11070,動詞;2027,2478,12520,動詞
けついを;2025,2472,11070,動詞;2027,2478,12520,動詞
ことお;7675,8961,10250,名詞
し;604,606,7928,助動詞;639,646,11424,助動詞;640,647,7364,助動詞;641,648,8013,助動詞;940,949,8217,助詞
した;867,874,11430,助動詞
しとこ;623,630,8905,助動詞
しへ;740,747,9861,助動詞
しほま;902,909,10539,助動詞
しま;777,784,7110,助動詞;778,785,6859,助動詞;783,790,9010,助動詞
しら;805,812,8394,助動詞;806,813,6768,助動詞;807,814,8544,助動詞
しろしもお;7743,9556,9453,形容詞
す;561,563,11145,助動詞;655,662,11966,助動詞;659,666,9673,助動詞;672,679,8505,助動詞
すさ;560,562,9796,助動詞
すむ;799,806,4404,助動詞
すん;799,806,7230,助動詞
せ;559,561,10612,助動詞;565,567,9523,助動詞;602,604,10719,助動詞
せさ;558,560,9602,助動詞;564,566,9219,助動詞
せま;776,783,11484,助動詞
そ;1094,1103,6650,助詞;912,919,4047,助詞
そこ;912,919,7418,助詞;912,919,7418,助詞
そす;7675,8961,10409,名詞
たう;7675,8961,11177,名詞
つ;1034,1043,7092,助詞;695,702,7324,助動詞
つき;7028,8418,14788,動詞
つし;2165,2754,14162,動詞
つつ;981,990,5980,助詞
つもお;2121,2632,13914,動詞
つや;7039,8430,11072,動詞;845,852,12966,助動詞
つやひい;2165,2754,14923,動詞
て;1010,1019,7075,助詞;694,701,10364,助動詞;697,704,10765,助動詞
ていつ;7675,8961,6362,名詞
てし;5358,1019,13832,動詞
ててし;0,0,25000,不明
てに;1034,1043,8194,助詞
てま;961,970,4851,助詞
と;1016,1025,11562,助詞;1059,1068,4152,助詞;690,697,15465,助動詞;981,990,6805,助詞
とこ;7675,8975,5288,名詞
とな;957,966,2361,助詞
な;1106,1115,8188,助詞;655,662,11966,助動詞;710,717,13130,助動詞;712,719,9518,助動詞;712,719,9518,助動詞;717,724,11210,助動詞
なかして;697,1115,20765,助動詞
なかしに;720,1115,19558,助動詞
なかも;1094,1115,12068,助詞
に;1018,1027,8227,助詞;1062,1071,4666,助詞;1114,1123,11705,助詞;670,677,11249,助動詞;713,720,4117,助動詞;720,727,9558,助動詞
にくならな;709,1071,15694,助動詞
にた;931,938,4078,助詞
ぬ;661,668,7932,助動詞;718,725,8787,助動詞
ぬきりか;7675,8961,8760,名詞
ね;1114,1123,11705,助詞;647,654,9360,助動詞;715,722,9030,助動詞
の;1066,1075,5271,助詞;1091,1100,10287,助詞;1122,1131,11208,助詞
のかすか;7099,8492,11225,名詞;7103,8494,9243,名詞
のそ;8998,11077,11610,連体詞
ののも;7662,1066,9024,名詞
は;1019,1028,6452,助詞;914,921,4513,助詞
はか;913,921,9991,助詞
はもお;2101,2612,10698,動詞
はや;920,921,8694,助詞
ひもお;2118,2629,9342,動詞
ふのし;7675,8961,9475,名詞
ふもお;2106,2617,10783,動詞;2111,2622,9281,動詞
へ;1067,1076,8356,助詞;1094,1103,12682,助詞
へさ;931,938,4476,助詞
へもお;2091,2602,12162,動詞;2094,2605,12920,動詞
へゆ;7687,9115,8859,名詞
ま;793,800,12484,助動詞
まけ;793,800,12484,助動詞
まそ;2139,2662,11122,動詞
みそ;2147,2686,9389,動詞
みの;931,938,2895,助詞
む;794,801,7231,助動詞;796,803,6646,助動詞
むけ;606,608,10146,助動詞;608,610,7831,助動詞
むし;569,571,9351,助動詞
むそ;2141,2668,9161,動詞;2143,2674,9902,動詞
むな;1094,1103,8027,助詞;712,719,12729,助動詞;912,919,7172,助詞
むら;809,816,10337,助動詞;811,818,10021,助動詞
め;792,799,7234,助動詞;803,810,7146,助動詞
めけ;605,607,9040,助動詞
めし;568,570,10511,助動詞;571,573,7174,助動詞
めそ;2133,2644,12746,動詞;2135,2650,11171,動詞
めら;808,815,10699,助動詞
も;917,924,4145,助詞
もし;931,938,3863,助詞
もと;981,990,8825,助詞;981,990,6724,助詞
もろこりす;7675,8961,10984,名詞
や;1128,1137,12468,助詞;920,927,5181,助詞
やは;1094,1103,6630,助詞
ゆ;1034,1043,9817,助詞
よ;1069,1078,4895,助詞;1133,1142,7584,助詞
よきき;1781,2204,10860,動詞
よせ;555,557,9803,助動詞
よせさ;554,556,8982,助動詞
よて;692,699,9167,助動詞
よめし;566,568,9759,助動詞
よれ;579,581,11714,助動詞
よれら;578,580,12723,助動詞
ら;816,823,12245,助動詞
らか;1037,1046,7721,助詞;983,992,12105,助詞
らかしほま;901,908,10071,助動詞
らかしま;782,789,9543,助動詞
らかた;864,871,11177,助動詞
らかな;1017,1026,6141,助詞
らかのも;7662,1046,11474,名詞
らかへ;735,742,9571,助動詞
らかろしもお;7740,9537,8975,形容詞
らき;6867,8249,12467,動詞
らけ;612,616,10802,助動詞
らさ;657,664,8335,助動詞
らし;2157,2722,9439,動詞
らす;931,938,9772,助詞
らた;678,685,7738,助動詞;686,693,14207,助動詞
らな;702,709,11849,助動詞;709,716,5694,助動詞
らや;6872,8255,5328,動詞;841,848,12012,助動詞
らやひい;2157,2722,13260,動詞
り;817,824,11569,助動詞;820,827,12254,助動詞
りかしほま;910,917,10108,助動詞
りかしま;789,796,9495,助動詞
りかた;895,902,11035,助動詞
りかは;931,938,2686,助詞
りかへ;772,779,9654,助動詞
りかろしもお;7760,9701,7755,形容詞
りき;6975,8363,9701,動詞
りきか;7687,9115,8434,名詞
りけ;613,618,7132,助動詞
りさ;674,681,8816,助動詞
りし;2163,2746,8251,動詞
りすちも;7675,8961,10940,名詞
りすふのし;7675,8961,10985,名詞
りた;679,686,8260,助動詞;682,689,8621,助動詞;687,694,13807,助動詞;691,698,13677,助動詞
りな;703,710,14131,助動詞;705,712,13949,助動詞;710,717,7323,助動詞;714,721,7660,助動詞
りめ;802,809,6761,助動詞;804,811,9012,助動詞
りや;6982,8371,5946,動詞;844,851,11143,助動詞
りやひい;2163,2746,11309,動詞
りゆ;1069,1078,4895,助詞
りよ;1069,1078,4895,助詞
る;588,590,11925,助動詞;818,825,10509,助動詞
るかしほま;907,914,10311,助動詞
るかしま;786,793,9729,助動詞
るかへ;761,768,9939,助動詞
るかろしもお;7754,9647,9060,形容詞
るき;1784,2207,9376,動詞;1784,2207,9376,動詞;6915,8299,11027,動詞;6945,8331,10796,動詞
るきき;1784,2207,9376,動詞;1784,2207,9376,動詞
るけ;614,620,7463,助動詞
るさ;668,675,9597,助動詞
るし;2159,2730,10840,動詞;2161,2738,8863,動詞
るす;563,565,9819,助動詞
るすさ;562,564,9123,助動詞
るすむ;800,807,6235,助動詞
るすん;800,807,8074,助動詞
るた;680,687,6383,助動詞;688,695,13255,助動詞
るつ;696,703,6641,助動詞
るな;704,711,11506,助動詞;711,718,3825,助動詞
るぬ;719,726,7980,助動詞
るむし;570,572,8643,助動詞
るめ;803,810,7146,助動詞
るや;6920,8305,5867,動詞;6950,8337,5420,動詞;842,849,11293,助動詞;843,850,10728,助動詞
るやひい;2159,2730,11498,動詞;2161,2738,10066,動詞
るら;587,589,13586,助動詞
るる;593,595,11713,助動詞
るるら;591,593,13626,助動詞
れ;585,587,13429,助動詞;598,600,11219,助動詞;814,821,12609,助動詞;815,822,11621,助動詞
れかろしもお;7730,9447,10107,形容詞;7734,9483,9588,形容詞
れき;1782,2205,10302,動詞;6748,8124,10883,動詞;6778,8156,11897,動詞
れきき;1782,2205,10302,動詞
れけ;611,614,8619,助動詞
れけしほま;898,905,9551,助動詞
れけしま;779,786,8925,助動詞
れけた;850,857,10661,助動詞
れけへ;721,728,9178,助動詞
れけろしもお;7732,9465,7550,形容詞
れさ;645,652,11172,助動詞;650,657,10682,助動詞
れし;2151,2698,10562,動詞;2153,2706,11173,動詞
れす;557,559,9460,助動詞
れすさ;556,558,9444,助動詞
れすむ;798,805,7646,助動詞
れすん;798,805,9223,助動詞
れた;1,1,8540,代名詞;675,682,9516,助動詞;676,683,8383,助動詞;683,690,13744,助動詞;684,691,13244,助動詞
れたみ;7675,8961,11675,名詞
れつ;693,700,8501,助動詞
れな;700,707,12996,助動詞;706,713,10580,助動詞;707,714,6201,助動詞
れぬ;716,723,8524,助動詞
れむし;567,569,9241,助動詞
れめ;801,808,4827,助動詞
れや;6753,8130,6645,動詞;6783,8162,8198,動詞;838,845,12083,助動詞;839,846,11485,助動詞
れやひい;2151,2698,10592,動詞;2153,2706,12985,動詞
れら;584,586,14472,助動詞;597,599,11816,助動詞
れる;582,584,10860,助動詞
れるら;581,583,12846,助動詞
れわ;1,1,4635,代名詞
ゑゆ;7687,9115,7988,名詞
を;1023,1032,8005,助詞;1070,1079,4685,助詞;1146,1155,7007,助詞
をのも;7662,1032,11758,名詞
ん;795,802,4680,助動詞;797,804,3918,助動詞
んかへ;755,762,9917,助動詞
んけ;607,609,8767,助動詞;609,611,7177,助動詞
んそ;2149,2692,10582,動詞
んな;712,719,10817,助動詞;712,719,10817,助動詞
んめ;803,810,7146,助動詞
んら;810,817,9009,助動詞;812,819,8334,助動詞
6
